     26200
     65030
     11890
     24450
      6810
     23250
     88140
     52230
     35910
     40090
    120240
     89220
     24010
    110870
     60950
     60870
     78310
     87010
      6040
      6160
      6910
     24760
      3480
     12670
      8530
      8600
      7140
      6440
     14790
      7770
      8820
      3500
      5700
      9640
      7710
      9820
     10630
     10100
      5100
     12130
      8600
     14330
      8780
      9610
      6440
     11390
      7240
      8820
     11720
     11860
      8780
     12030
      8380
     21680
      6050
     13430
     11430
     15790
     10420
      7050
      9910
     10290
      7720
     12480
      7030
     40350
     44180
     83700
     68350
     72170
     16540
     11330
     35950
    136290
      8010
     50960
     34440
     35790
     20690
    123820
