   4.88980
 576.14660
   0.04903
   5.21187
   0.00008
   0.94815
61346.28071
1842.95567
  86.82307
 203.72751
261934.28764
39859.36854
   3.29140
144077.11187
4303.03673
4818.07587
13376.47209
36914.53996
   3.28432
  40.08646
  12.51799
19054219985.30629
   0.02786
24021837.26905
15766.76368
268600.40636
1304.58557
   0.00074
1068196632.11071
7412.43553
1773.57561
   0.00729
   0.13082
   1.23882
   0.94878
   0.17191
1065.20143
   7.99349
   0.01548
8647.55556
   0.06716
  93.81705
   0.04316
 118.84216
   0.00947
   6.44918
   2.93345
   8.81343
3373.11764
 746.54154
   2.68041
304518.41905
   0.54346
879447433.48583
   0.03938
 227.46707
 641.29735
20570340.07062
 201.53000
   0.55114
   7.04304
 199.80471
  16.13149
   5.22166
   0.00000
   2.56041
   1.53486
  98.58248
  34.65253
2213.06601
   0.00251
   0.00074
   0.38623
91640.32524
   0.00005
 300.87047
   0.24719
   1.97037
   0.31439
 798.50767
